1598709353792348
1598709354792628
1598709355792796
1598709356792944
1598709357793112
1598709358793260
1598709359793466
1598709360793600
1598709361793737
1598709362793894
1598709363794046
1598709364794213
1598709365794360
1598709366794516
1598709367794679
1598709368794832
1598709369794990
1598709370795130
1598709371795303
1598709372795450
1598709373795615
1598709374795832
1598709375795936
1598709376796105
1598709377796249
1598709378796416
1598709379796570
1598709380796735
1598709381796871
1598709382797036
1598709383797179
1598709384797352
1598709385797504
1598709386797667
1598709387797825
1598709388798000
1598709389798161
1598709390798303
1598709391798479
1598709392798623
1598709393798778
1598709394798987
1598709395799100
1598709396799274
1598709397799436
1598709398799597
1598709399799749
1598709400799933
1598709401800070
1598709402800265
1598709403800388
1598709404800552
1598709405800719
1598709406800863
1598709407801011
1598709408801181
1598709409801329
1598709410801511
1598709411801647
1598709412801812
1598709413801974
1598709414802131
1598709415802275
1598709416802438
1598709417802597
1598709418802758
1598709419802909
1598709420803075
1598709421803232
1598709422803351
1598709423803558
1598709424803682
1598709425803880
1598709426804030
1598709427804196
1598709428804341
1598709429804506
1598709430804659
1598709431804820
1598709432804994
1598709433805181
1598709434805329
1598709435805474
1598709436805638
1598709437805818
1598709438805961
1598709439806147
1598709440806311
1598709441806495
1598709442806625
1598709443806778
1598709444806955
1598709445807094
1598709446807271
1598709447807437
1598709448807616
1598709449807770
1598709450807933
1598709451808079
1598709452808290
1598709453808421
1598709454808538
1598709455808683
1598709456808850
1598709457808994
1598709458809160
1598709459809319
1598709460809469
1598709461809620
1598709462809790
1598709463809941
1598709464810104
1598709465810256
1598709466810426
1598709467810560
1598709468810724
1598709469810869
1598709470811040
1598709471811193
1598709472811360
1598709473811501
1598709474811672
1598709475811844
1598709476812009
1598709477812191
1598709478812348
1598709479812509
1598709480812681
1598709481812830
1598709482812987
1598709483813146
1598709484813239
1598709485813467
1598709486813618
1598709487813781
1598709488813928
1598709489814092
1598709490814234
1598709491814400
1598709492814539
1598709493814730
1598709494814913
1598709495815054
1598709496815223
1598709497815391
1598709498815547
1598709499815706
1598709500815853
1598709501816051
1598709502816165
1598709503816337
1598709504816488
1598709505816653
1598709506816804
1598709507816971
1598709508817118
1598709509817284
1598709510817435
1598709511817596
1598709512817745
1598709513817907
1598709514818054
1598709515818231
1598709516818372
1598709517818545
1598709518818697
1598709519818861
1598709520819004
1598709521819187
1598709522819345
1598709523819496
1598709524819676
1598709525819840
1598709526819946
1598709527820148
1598709528820290
1598709529820464
1598709530820602
1598709531820777
1598709532820938
1598709533821096
1598709534821236
1598709535821406
1598709536821578
1598709537821726
1598709538821866
1598709539822043
1598709540822199
1598709541822365
1598709542822518
1598709543822683
1598709544822844
1598709545823001
1598709546823152
1598709547823347
1598709548823474
1598709549823629
1598709550823768
1598709551823940
1598709552824092
1598709553824259
1598709554824409
1598709555824586
1598709556824725
1598709557824885
1598709558825033
1598709559825193
1598709560825363
1598709561825524
1598709562825699
1598709563825862
1598709564826030
1598709565826184
1598709566826342
1598709567826513
1598709568826665
1598709569826829
1598709570826982
1598709571827146
1598709572827302
1598709573827466
1598709574827618
1598709575827792
1598709576827949
1598709577828110
1598709578828272
1598709579828431
1598709580828578
1598709581828791
1598709582828952
1598709583829103
1598709584829260
1598709585829423
1598709586829574
1598709587829739
1598709588829894
1598709589830060
1598709590830205
1598709591830372
1598709592830524
1598709593830693
1598709594830847
1598709595831020
1598709596831171
1598709597831335
1598709598831499
1598709599831649
1598709600831817
1598709601831972
1598709602832128
1598709603832217
1598709604832471
1598709605832586
1598709606832782
1598709607832930
1598709608833096
1598709609833245
1598709610833423
1598709611833556
1598709612833731
1598709613833871
1598709614834044
1598709615834195
1598709616834366
1598709617834513
1598709618834680
1598709619834824
1598709620834997
1598709621835143
1598709622835337
1598709623835479
1598709624835635
1598709625835810
1598709626835963
1598709627836117
1598709628836285
1598709629836432
1598709630836602
1598709631836771
1598709632836947
1598709633837089
1598709634837261
1598709635837403
1598709636837575
1598709637837712
1598709638837895
1598709639838039
1598709640838162
1598709641838307
1598709642838453
1598709643838644
1598709644838819
1598709645838964
1598709646839095
1598709647839293
1598709648839453
1598709649839621
1598709650839755
1598709651839946
1598709652840112
1598709653840260
1598709654840400
1598709655840579
1598709656840771
1598709657840920
1598709658841087
1598709659841235
1598709660841405
1598709661841560
1598709662841725
1598709663841872
1598709664842038
1598709665842194
1598709666842373
1598709667842536
1598709668842698
1598709669842838
1598709670842981
1598709671843162
1598709672843296
1598709673843479
1598709674843634
1598709675843795
1598709676843957
1598709677844112
1598709678844288
1598709679844435
1598709680844599
1598709681844741
1598709682844910
1598709683845063
1598709684845229
1598709685845382
1598709686845548
1598709687845695
1598709688845861
1598709689846017
1598709690846185
1598709691846340
1598709692846508
1598709693846660
1598709694846832
1598709695846984
1598709696847157
1598709697847338
1598709698847481
1598709699847639
1598709700847812
1598709701847948
1598709702848133
1598709703848273
1598709704848444
1598709705848581
1598709706848757
1598709707848916
1598709708849053
1598709709849229
1598709710849386
1598709711849540
1598709712849721
1598709713849858
1598709714850026
1598709715850173
1598709716850341
1598709717850488
1598709718850663
1598709719850809
1598709720850973
1598709721851124
1598709722851294
1598709723851455
1598709724851571
1598709725851785
1598709726851961
1598709727852123
1598709728852270
1598709729852431
1598709730852591
1598709731852761
1598709732852901
1598709733853083
1598709734853230
1598709735853409
1598709736853555
1598709737853724
1598709738853879
1598709739854049
1598709740854212
1598709741854375
1598709742854532
1598709743854703
1598709744854851
1598709745855025
1598709746855183
1598709747855354
1598709748855511
1598709749855666
1598709750855835
1598709751855976
1598709752856158
1598709753856313
1598709754856445
1598709755856623
1598709756856797
1598709757856957
1598709758857128
1598709759857285
1598709760857443
1598709761857591
1598709762857762
1598709763857918
1598709764858079
1598709765858232
1598709766858396
1598709767858545
1598709768858721
1598709769858883
1598709770859044
1598709771859191
1598709772859375
1598709773859526
1598709774859698
1598709775859846
1598709776860015
1598709777860192
1598709778860346
1598709779860493
1598709780860666
1598709781860823
1598709782860993
1598709783861138
1598709784861300
1598709785861468
1598709786861642
1598709787861787
1598709788861959
1598709789862113
1598709790862285
1598709791862440
1598709792862615
1598709793862765
1598709794862932
1598709795863092
1598709796863259
1598709797863424
1598709798863607
1598709799863748
1598709800863919
1598709801864079
1598709802864252
1598709803864397
1598709804864499
1598709805864719
1598709806864892
1598709807865048
1598709808865204
1598709809865392
1598709810865563
1598709811865721
1598709812865882
1598709813866042
1598709814866202
1598709815866360
1598709816866530
1598709817866682
1598709818866847
1598709819866993
1598709820867172
1598709821867327
1598709822867503
1598709823867655
1598709824867820
1598709825867979
1598709826868144
1598709827868300
1598709828868470
1598709829868633
1598709830868802
1598709831868947
1598709832869115
1598709833869270
1598709834869448
1598709835869602
1598709836869729
1598709837869880
1598709838870047
1598709839870200
1598709840870365
1598709841870528
1598709842870714
1598709843870846
1598709844871011
1598709845871172
1598709846871342
1598709847871497
1598709848871655
1598709849871812
1598709850871972
1598709851872133
1598709852872286
1598709853872466
1598709854872606
1598709855872785
1598709856872935
1598709857873108
1598709858873261
1598709859873432
1598709860873588
1598709861873758
1598709862873925
1598709863874064
1598709864874236
1598709865874391
1598709866874564
1598709867874724
1598709868874890
1598709869875049
1598709870875221
1598709871875394
1598709872875534
1598709873875712
1598709874875876
1598709875876050
1598709876876198
1598709877876368
1598709878876530
1598709879876710
1598709880876871
1598709881877014
1598709882877169
1598709883877344
1598709884877487
1598709885877668
1598709886877825
1598709887877997
1598709888878147
1598709889878318
1598709890878438
1598709891878595
1598709892878749
1598709893878916
1598709894879071
1598709895879237
1598709896879413
1598709897879578
1598709898879786
1598709899879928
1598709900880114
1598709901880258
1598709902880434
1598709903880578
1598709904880748
1598709905880910
1598709906881080
1598709907881230
1598709908881404
1598709909881562
1598709910881726
1598709911881869
1598709912882045
1598709913882201
1598709914882380
1598709915882533
1598709916882699
1598709917882864
1598709918883032
1598709919883189
1598709920883367
1598709921883525
1598709922883677
1598709923883843
1598709924884001
1598709925884170
1598709926884323
1598709927884493
1598709928884639
1598709929884818
1598709930884963
1598709931885143
1598709932885294
1598709933885460
1598709934885619
1598709935885788
1598709936885931
1598709937886109
1598709938886263
1598709939886436
1598709940886593
1598709941886760
1598709942886917
1598709943887075
1598709944887232
1598709945887416
1598709946887599
1598709947887764
1598709948887913
1598709949888047
1598709950888267
1598709951888417
1598709952888571
1598709953888752
1598709954888902
1598709955889064
1598709956889213
1598709957889381
1598709958889543
1598709959889727
1598709960889876
1598709961890063
1598709962890227
1598709963890367
1598709964890545
1598709965890702
1598709966890857
1598709967891024
1598709968891170
1598709969891339
1598709970891516
1598709971891648
1598709972891815
1598709973891967
1598709974892138
1598709975892292
1598709976892468
1598709977892618
1598709978892793
1598709979892944
1598709980893120
1598709981893270
1598709982893448
1598709983893587
1598709984893739
1598709985893916
1598709986894079
1598709987894237
1598709988894374
1598709989894533
1598709990894694
1598709991894845
1598709992895013
1598709993895134
1598709994895329
1598709995895451
1598709996895626
1598709997895800
1598709998895942
1598709999896115
1598710000896287
1598710001896440
1598710002896595
1598710003896768
1598710004896925
1598710005897109
1598710006897285
1598710007897427
1598710008897586
1598710009897766
1598710010897911
1598710011898085
1598710012898236
1598710013898404
1598710014898504
1598710015898677
1598710016898822
1598710017898980
1598710018899083
1598710019899263
1598710020899400
1598710021899552
1598710022899765
1598710023899919
1598710024900090
1598710025900256
1598710026900437
1598710027900572
1598710028900744
1598710029900904
1598710030901083
1598710031901234
1598710032901401
1598710033901569
1598710034901733
1598710035901880
1598710036902091
1598710037902255
1598710038902414
1598710039902569
1598710040902726
1598710041902893
1598710042903062
1598710043903225
1598710044903399
1598710045903516
1598710046903764
1598710047903917
1598710048904088
1598710049904249
1598710050904415
1598710051904568
1598710052904725
1598710053904892
1598710054905064
1598710055905211
1598710056905395
1598710057905540
1598710058905715
1598710059905862
1598710060905993
1598710061906147
1598710062906359
1598710063906505
1598710064906680
1598710065906832
1598710066907004
1598710067907159
1598710068907334
1598710069907457
1598710070907653
1598710071907814
1598710072907957
1598710073908123
1598710074908283
1598710075908451
1598710076908605
1598710077908782
1598710078908930
1598710079909101
1598710080909251
1598710081909418
1598710082909577
1598710083909749
1598710084909898
1598710085910073
1598710086910230
1598710087910394
1598710088910553
1598710089910721
1598710090910879
1598710091911046
1598710092911200
1598710093911376
1598710094911533
1598710095911710
1598710096911856
1598710097912030
1598710098912186
1598710099912362
1598710100912505
1598710101912671
1598710102912838
1598710103913007
1598710104913159
1598710105913327
1598710106913484
1598710107913657
1598710108913813
1598710109913988
1598710110914155
1598710111914323
1598710112914466
1598710113914645
1598710114914797
1598710115914967
1598710116915123
1598710117915283
1598710118915477
1598710119915623
1598710120915745
1598710121915903
1598710122916057
1598710123916232
1598710124916341
1598710125916571
1598710126916704
1598710127916885
1598710128917030
1598710129917198
1598710130917379
1598710131917525
1598710132917675
1598710133917856
1598710134918009
1598710135918179
1598710136918329
1598710137918498
1598710138918617
1598710139918780
1598710140918929
1598710141919095
1598710142919247
1598710143919455
1598710144919580
1598710145919761
1598710146919915
1598710147920084
1598710148920233
1598710149920412
1598710150920562
1598710151920737
1598710152920875
1598710153921054
1598710154921219
1598710155921388
1598710156921539
1598710157921704
1598710158921867
1598710159922034
1598710160922185
1598710161922348
1598710162922502
1598710163922670
1598710164922818
1598710165923000
1598710166923147
1598710167923333
1598710168923461
1598710169923627
1598710170923808
1598710171923966
1598710172924130
1598710173924282
1598710174924464
1598710175924609
1598710176924782
1598710177924943
1598710178925049
1598710179925260
1598710180925416
1598710181925589
1598710182925750
1598710183925916
1598710184926070
1598710185926238
1598710186926382
1598710187926553
1598710188926699
1598710189926868
1598710190927030
1598710191927196
1598710192927338
1598710193927522
1598710194927675
1598710195927849
1598710196927986
1598710197928167
1598710198928329
1598710199928500
1598710200928650
1598710201928822
1598710202928978
1598710203929145
1598710204929287
1598710205929462
1598710206929615
1598710207929789
1598710208929918
1598710209930025
1598710210930269
1598710211930406
1598710212930577
1598710213930683
1598710214930855
1598710215931020
1598710216931170
1598710217931346
1598710218931459
1598710219931604
1598710220931781
1598710221931926
1598710222932107
1598710223932254
1598710224932416
1598710225932579
1598710226932750
1598710227932905
1598710228933072
1598710229933232
1598710230933406
1598710231933552
1598710232933715
1598710233933827
1598710234933988
1598710235934138
1598710236934307
1598710237934412
1598710238934564
1598710239934710
1598710240934883
1598710241935038
1598710242935216
1598710243935371
1598710244935544
1598710245935701
1598710246935847
1598710247936013
1598710248936167
1598710249936341
1598710250936487
1598710251936677
1598710252936803
1598710253936980
1598710254937132
1598710255937304
1598710256937446
1598710257937611
1598710258937779
1598710259937936
1598710260938085
1598710261938263
1598710262938426
1598710263938595
1598710264938785
1598710265938954
1598710266939103
1598710267939273
1598710268939427
1598710269939611
1598710270939772
1598710271939946
1598710272940107
1598710273940267
1598710274940421
1598710275940590
1598710276940736
1598710277940919
1598710278941077
1598710279941240
1598710280941394
1598710281941563
1598710282941732
1598710283941900
1598710284942049
1598710285942212
1598710286942375
1598710287942543
1598710288942689
1598710289942896
1598710290943041
1598710291943219
1598710292943378
1598710293943547
1598710294943719
1598710295943894
1598710296944050
1598710297944193
1598710298944376
1598710299944528
1598710300944684
1598710301944854
1598710302945028
1598710303945191
1598710304945330
1598710305945511
1598710306945662
1598710307945833
1598710308945980
1598710309946155
1598710310946331
1598710311946482
1598710312946630
1598710313946803
1598710314946985
1598710315947148
1598710316947295
1598710317947477
1598710318947642
1598710319947805
1598710320947969
1598710321948129
1598710322948315
1598710323948458
1598710324948624
1598710325948777
1598710326948977
1598710327949117
1598710328949284
1598710329949432
1598710330949605
1598710331949740
1598710332949915
1598710333950071
1598710334950248
1598710335950392
1598710336950572
1598710337950719
1598710338950907
1598710339951066
1598710340951196
1598710341951375
1598710342951529
1598710343951711
1598710344951862
1598710345952027
1598710346952198
1598710347952371
1598710348952517
1598710349952709
1598710350952857
1598710351953020
1598710352953182
