1598709353792014 
1598709354792341 
1598709355792498 
1598709356792656 
1598709357792814 
1598709358792974 
1598709359793130 
1598709360793297 
1598709361793448 
1598709362793600 
1598709363793752 
1598709364793916 
1598709365794067 
1598709366794225 
1598709367794381 
1598709368794539 
1598709369794691 
1598709370794845 
1598709371795004 
1598709372795159 
1598709373795330 
1598709374795496 
1598709375795647 
1598709376795804 
1598709377795962 
1598709378796121 
1598709379796279 
1598709380796435 
1598709381796588 
1598709382796741 
1598709383796894 
1598709384797053 
1598709385797210 
1598709386797368 
1598709387797522 
1598709388797690 
1598709389797858 
1598709390798011 
1598709391798178 
1598709392798330 
1598709393798490 
1598709394798662 
1598709395798815 
1598709396798972 
1598709397799125 
1598709398799279 
1598709399799458 
1598709400799626 
1598709401799782 
1598709402799943 
1598709403800099 
1598709404800257 
1598709405800413 
1598709406800568 
1598709407800723 
1598709408800881 
1598709409801039 
1598709410801198 
1598709411801355 
1598709412801516 
1598709413801676 
1598709414801833 
1598709415801985 
1598709416802143 
1598709417802301 
1598709418802461 
1598709419802619 
1598709420802777 
1598709421802934 
1598709422803102 
1598709423803254 
1598709424803425 
1598709425803581 
1598709426803739 
1598709427803895 
1598709428804050 
1598709429804207 
1598709430804368 
1598709431804525 
1598709432804692 
1598709433804861 
1598709434805030 
1598709435805188 
1598709436805350 
1598709437805509 
1598709438805669 
1598709439805843 
1598709440806009 
1598709441806177 
1598709442806336 
1598709443806489 
1598709444806644 
1598709445806802 
1598709446806971 
1598709447807125 
1598709448807294 
1598709449807487 
1598709450807641 
1598709451807796 
1598709452807963 
1598709453808121 
1598709454808236 
1598709455808389 
1598709456808551 
1598709457808706 
1598709458808862 
1598709459809016 
1598709460809173 
1598709461809332 
1598709462809493 
1598709463809649 
1598709464809806 
1598709465809962 
1598709466810125 
1598709467810277 
1598709468810433 
1598709469810586 
1598709470810744 
1598709471810902 
1598709472811060 
1598709473811212 
1598709474811383 
1598709475811547 
1598709476811709 
1598709477811875 
1598709478812047 
1598709479812207 
1598709480812375 
1598709481812533 
1598709482812697 
1598709483812850 
1598709484813007 
1598709485813164 
1598709486813325 
1598709487813482 
1598709488813639 
1598709489813795 
1598709490813950 
1598709491814107 
1598709492814264 
1598709493814423 
1598709494814594 
1598709495814751 
1598709496814921 
1598709497815089 
1598709498815247 
1598709499815404 
1598709500815565 
1598709501815721 
1598709502815878 
1598709503816036 
1598709504816195 
1598709505816354 
1598709506816517 
1598709507816673 
1598709508816832 
1598709509816987 
1598709510817144 
1598709511817296 
1598709512817456 
1598709513817614 
1598709514817771 
1598709515817926 
1598709516818084 
1598709517818241 
1598709518818404 
1598709519818561 
1598709520818720 
1598709521818887 
1598709522819048 
1598709523819206 
1598709524819379 
1598709525819534 
1598709526819696 
1598709527819850 
1598709528820007 
1598709529820162 
1598709530820321 
1598709531820476 
1598709532820635 
1598709533820790 
1598709534820949 
1598709535821108 
1598709536821269 
1598709537821427 
1598709538821584 
1598709539821745 
1598709540821905 
1598709541822065 
1598709542822229 
1598709543822386 
1598709544822545 
1598709545822705 
1598709546822864 
1598709547823018 
1598709548823177 
1598709549823330 
1598709550823488 
1598709551823642 
1598709552823801 
1598709553823959 
1598709554824121 
1598709555824277 
1598709556824435 
1598709557824588 
1598709558824748 
1598709559824901 
1598709560825070 
1598709561825229 
1598709562825402 
1598709563825561 
1598709564825731 
1598709565825888 
1598709566826050 
1598709567826205 
1598709568826373 
1598709569826531 
1598709570826694 
1598709571826851 
1598709572827010 
1598709573827169 
1598709574827332 
1598709575827491 
1598709576827650 
1598709577827809 
1598709578827976 
1598709579828130 
1598709580828288 
1598709581828492 
1598709582828651 
1598709583828809 
1598709584828968 
1598709585829125 
1598709586829285 
1598709587829441 
1598709588829602 
1598709589829761 
1598709590829921 
1598709591830076 
1598709592830235 
1598709593830395 
1598709594830559 
1598709595830720 
1598709596830880 
1598709597831039 
1598709598831201 
1598709599831359 
1598709600831516 
1598709601831675 
1598709602831837 
1598709603831995 
1598709604832154 
1598709605832313 
1598709606832476 
1598709607832634 
1598709608832794 
1598709609832954 
1598709610833112 
1598709611833269 
1598709612833428 
1598709613833585 
1598709614833747 
1598709615833905 
1598709616834066 
1598709617834226 
1598709618834384 
1598709619834538 
1598709620834696 
1598709621834856 
1598709622835019 
1598709623835179 
1598709624835339 
1598709625835499 
1598709626835664 
1598709627835821 
1598709628835982 
1598709629836142 
1598709630836306 
1598709631836462 
1598709632836636 
1598709633836795 
1598709634836957 
1598709635837114 
1598709636837273 
1598709637837428 
1598709638837594 
1598709639837751 
1598709640837869 
1598709641838021 
1598709642838193 
1598709643838352 
1598709644838514 
1598709645838673 
1598709646838837 
1598709647838996 
1598709648839157 
1598709649839333 
1598709650839498 
1598709651839655 
1598709652839815 
1598709653839974 
1598709654840140 
1598709655840294 
1598709656840463 
1598709657840622 
1598709658840783 
1598709659840943 
1598709660841106 
1598709661841265 
1598709662841425 
1598709663841582 
1598709664841743 
1598709665841902 
1598709666842068 
1598709667842229 
1598709668842391 
1598709669842543 
1598709670842701 
1598709671842859 
1598709672843018 
1598709673843178 
1598709674843343 
1598709675843504 
1598709676843663 
1598709677843821 
1598709678843984 
1598709679844144 
1598709680844302 
1598709681844455 
1598709682844616 
1598709683844772 
1598709684844932 
1598709685845089 
1598709686845251 
1598709687845404 
1598709688845565 
1598709689845725 
1598709690845889 
1598709691846048 
1598709692846209 
1598709693846369 
1598709694846536 
1598709695846694 
1598709696846855 
1598709697847020 
1598709698847186 
1598709699847348 
1598709700847510 
1598709701847667 
1598709702847828 
1598709703847984 
1598709704848143 
1598709705848297 
1598709706848458 
1598709707848617 
1598709708848778 
1598709709848935 
1598709710849094 
1598709711849251 
1598709712849411 
1598709713849570 
1598709714849731 
1598709715849886 
1598709716850043 
1598709717850201 
1598709718850361 
1598709719850515 
1598709720850677 
1598709721850835 
1598709722851000 
1598709723851159 
1598709724851320 
1598709725851484 
1598709726851649 
1598709727851823 
1598709728851983 
1598709729852137 
1598709730852298 
1598709731852458 
1598709732852616 
1598709733852784 
1598709734852946 
1598709735853101 
1598709736853267 
1598709737853428 
1598709738853593 
1598709739853749 
1598709740853912 
1598709741854077 
1598709742854242 
1598709743854400 
1598709744854559 
1598709745854726 
1598709746854893 
1598709747855056 
1598709748855217 
1598709749855379 
1598709750855541 
1598709751855695 
1598709752855855 
1598709753856020 
1598709754856184 
1598709755856340 
1598709756856501 
1598709757856669 
1598709758856829 
1598709759856984 
1598709760857144 
1598709761857300 
1598709762857462 
1598709763857623 
1598709764857780 
1598709765857945 
1598709766858106 
1598709767858260 
1598709768858423 
1598709769858587 
1598709770858748 
1598709771858904 
1598709772859068 
1598709773859237 
1598709774859399 
1598709775859555 
1598709776859720 
1598709777859884 
1598709778860049 
1598709779860204 
1598709780860366 
1598709781860531 
1598709782860694 
1598709783860848 
1598709784861006 
1598709785861174 
1598709786861340 
1598709787861500 
1598709788861661 
1598709789861822 
1598709790861990 
1598709791862152 
1598709792862313 
1598709793862475 
1598709794862639 
1598709795862802 
1598709796862963 
1598709797863127 
1598709798863292 
1598709799863467 
1598709800863623 
1598709801863787 
1598709802863951 
1598709803864109 
1598709804864266 
1598709805864433 
1598709806864595 
1598709807864749 
1598709808864906 
1598709809865104 
1598709810865265 
1598709811865427 
1598709812865589 
1598709813865752 
1598709814865915 
1598709815866072 
1598709816866234 
1598709817866394 
1598709818866556 
1598709819866711 
1598709820866871 
1598709821867037 
1598709822867201 
1598709823867363 
1598709824867523 
1598709825867688 
1598709826867850 
1598709827868008 
1598709828868171 
1598709829868339 
1598709830868503 
1598709831868659 
1598709832868820 
1598709833868981 
1598709834869152 
1598709835869311 
1598709836869429 
1598709837869591 
1598709838869751 
1598709839869909 
1598709840870069 
1598709841870231 
1598709842870397 
1598709843870557 
1598709844870711 
1598709845870881 
1598709846871043 
1598709847871198 
1598709848871362 
1598709849871518 
1598709850871681 
1598709851871838 
1598709852872000 
1598709853872163 
1598709854872325 
1598709855872482 
1598709856872644 
1598709857872812 
1598709858872974 
1598709859873131 
1598709860873293 
1598709861873456 
1598709862873621 
1598709863873779 
1598709864873939 
1598709865874105 
1598709866874269 
1598709867874431 
1598709868874592 
1598709869874758 
1598709870874922 
1598709871875082 
1598709872875247 
1598709873875417 
1598709874875583 
1598709875875744 
1598709876875905 
1598709877876071 
1598709878876236 
1598709879876396 
1598709880876558 
1598709881876721 
1598709882876879 
1598709883877036 
1598709884877197 
1598709885877364 
1598709886877534 
1598709887877695 
1598709888877857 
1598709889878018 
1598709890878137 
1598709891878296 
1598709892878457 
1598709893878621 
1598709894878785 
1598709895878941 
1598709896879100 
1598709897879269 
1598709898879489 
1598709899879643 
1598709900879804 
1598709901879967 
1598709902880134 
1598709903880291 
1598709904880451 
1598709905880616 
1598709906880782 
1598709907880944 
1598709908881101 
1598709909881266 
1598709910881431 
1598709911881585 
1598709912881747 
1598709913881911 
1598709914882078 
1598709915882236 
1598709916882400 
1598709917882568 
1598709918882736 
1598709919882900 
1598709920883064 
1598709921883226 
1598709922883391 
1598709923883547 
1598709924883708 
1598709925883874 
1598709926884035 
1598709927884194 
1598709928884350 
1598709929884518 
1598709930884681 
1598709931884842 
1598709932885002 
1598709933885165 
1598709934885328 
1598709935885487 
1598709936885645 
1598709937885813 
1598709938885976 
1598709939886137 
1598709940886299 
1598709941886463 
1598709942886625 
1598709943886781 
1598709944886945 
1598709945887116 
1598709946887285 
1598709947887466 
1598709948887626 
1598709949887792 
1598709950887959 
1598709951888119 
1598709952888281 
1598709953888448 
1598709954888616 
1598709955888770 
1598709956888928 
1598709957889096 
1598709958889258 
1598709959889427 
1598709960889587 
1598709961889754 
1598709962889918 
1598709963890073 
1598709964890237 
1598709965890405 
1598709966890569 
1598709967890729 
1598709968890885 
1598709969891039 
1598709970891203 
1598709971891360 
1598709972891521 
1598709973891684 
1598709974891847 
1598709975892004 
1598709976892166 
1598709977892330 
1598709978892494 
1598709979892656 
1598709980892814 
1598709981892978 
1598709982893142 
1598709983893297 
1598709984893457 
1598709985893623 
1598709986893788 
1598709987893949 
1598709988894112 
1598709989894280 
1598709990894398 
1598709991894560 
1598709992894717 
1598709993894836 
1598709994895000 
1598709995895156 
1598709996895340 
1598709997895498 
1598709998895657 
1598709999895816 
1598710000895977 
1598710001896143 
1598710002896310 
1598710003896470 
1598710004896638 
1598710005896807 
1598710006896978 
1598710007897134 
1598710008897296 
1598710009897467 
1598710010897625 
1598710011897784 
1598710012897945 
1598710013898101 
1598710014898220 
1598710015898375 
1598710016898534 
1598710017898679 
1598710018898796 
1598710019898955 
1598710020899096 
1598710021899265 
1598710022899474 
1598710023899632 
1598710024899793 
1598710025899964 
1598710026900131 
1598710027900289 
1598710028900448 
1598710029900617 
1598710030900784 
1598710031900942 
1598710032901102 
1598710033901269 
1598710034901436 
1598710035901592 
1598710036901793 
1598710037901955 
1598710038902121 
1598710039902279 
1598710040902436 
1598710041902602 
1598710042902770 
1598710043902931 
1598710044903092 
1598710045903260 
1598710046903466 
1598710047903625 
1598710048903790 
1598710049903958 
1598710050904120 
1598710051904279 
1598710052904436 
1598710053904600 
1598710054904766 
1598710055904923 
1598710056905086 
1598710057905252 
1598710058905417 
1598710059905574 
1598710060905736 
1598710061905901 
1598710062906063 
1598710063906219 
1598710064906382 
1598710065906546 
1598710066906710 
1598710067906869 
1598710068907032 
1598710069907190 
1598710070907354 
1598710071907514 
1598710072907672 
1598710073907834 
1598710074907996 
1598710075908156 
1598710076908317 
1598710077908484 
1598710078908648 
1598710079908805 
1598710080908966 
1598710081909129 
1598710082909291 
1598710083909451 
1598710084909612 
1598710085909777 
1598710086909943 
1598710087910101 
1598710088910265 
1598710089910423 
1598710090910590 
1598710091910750 
1598710092910911 
1598710093911079 
1598710094911245 
1598710095911404 
1598710096911566 
1598710097911732 
1598710098911900 
1598710099912059 
1598710100912218 
1598710101912380 
1598710102912547 
1598710103912708 
1598710104912870 
1598710105913035 
1598710106913199 
1598710107913359 
1598710108913523 
1598710109913691 
1598710110913859 
1598710111914022 
1598710112914181 
1598710113914344 
1598710114914512 
1598710115914667 
1598710116914827 
1598710117914983 
1598710118915139 
1598710119915305 
1598710120915445 
1598710121915611 
1598710122915773 
1598710123915935 
1598710124916091 
1598710125916258 
1598710126916421 
1598710127916578 
1598710128916732 
1598710129916900 
1598710130917068 
1598710131917229 
1598710132917385 
1598710133917554 
1598710134917720 
1598710135917879 
1598710136918035 
1598710137918203 
1598710138918323 
1598710139918480 
1598710140918636 
1598710141918795 
1598710142918961 
1598710143919119 
1598710144919270 
1598710145919461 
1598710146919627 
1598710147919783 
1598710148919939 
1598710149920103 
1598710150920272 
1598710151920433 
1598710152920588 
1598710153920756 
1598710154920930 
1598710155921091 
1598710156921249 
1598710157921407 
1598710158921577 
1598710159921737 
1598710160921890 
1598710161922051 
1598710162922216 
1598710163922375 
1598710164922528 
1598710165922693 
1598710166922855 
1598710167923014 
1598710168923170 
1598710169923337 
1598710170923508 
1598710171923672 
1598710172923829 
1598710173923997 
1598710174924166 
1598710175924324 
1598710176924481 
1598710177924647 
1598710178924814 
1598710179924966 
1598710180925126 
1598710181925294 
1598710182925461 
1598710183925621 
1598710184925781 
1598710185925936 
1598710186926097 
1598710187926256 
1598710188926409 
1598710189926575 
1598710190926741 
1598710191926900 
1598710192927052 
1598710193927221 
1598710194927386 
1598710195927546 
1598710196927699 
1598710197927868 
1598710198928036 
1598710199928199 
1598710200928356 
1598710201928524 
1598710202928689 
1598710203928849 
1598710204929003 
1598710205929166 
1598710206929329 
1598710207929487 
1598710208929647 
1598710209929803 
1598710210929965 
1598710211930121 
1598710212930278 
1598710213930396 
1598710214930555 
1598710215930712 
1598710216930869 
1598710217931037 
1598710218931157 
1598710219931319 
1598710220931477 
1598710221931641 
1598710222931803 
1598710223931963 
1598710224932118 
1598710225932287 
1598710226932453 
1598710227932613 
1598710228932770 
1598710229932939 
1598710230933108 
1598710231933260 
1598710232933415 
1598710233933534 
1598710234933689 
1598710235933850 
1598710236934004 
1598710237934123 
1598710238934266 
1598710239934422 
1598710240934582 
1598710241934746 
1598710242934914 
1598710243935076 
1598710244935230 
1598710245935395 
1598710246935560 
1598710247935720 
1598710248935876 
1598710249936044 
1598710250936200 
1598710251936362 
1598710252936516 
1598710253936682 
1598710254936847 
1598710255937006 
1598710256937158 
1598710257937316 
1598710258937481 
1598710259937637 
1598710260937794 
1598710261937961 
1598710262938134 
1598710263938295 
1598710264938493 
1598710265938648 
1598710266938812 
1598710267938972 
1598710268939134 
1598710269939297 
1598710270939486 
1598710271939646 
1598710272939800 
1598710273939965 
1598710274940129 
1598710275940293 
1598710276940450 
1598710277940621 
1598710278940785 
1598710279940945 
1598710280941102 
1598710281941268 
1598710282941436 
1598710283941604 
1598710284941759 
1598710285941922 
1598710286942086 
1598710287942248 
1598710288942405 
1598710289942583 
1598710290942754 
1598710291942920 
1598710292943078 
1598710293943251 
1598710294943420 
1598710295943588 
1598710296943746 
1598710297943910 
1598710298944074 
1598710299944234 
1598710300944392 
1598710301944561 
1598710302944731 
1598710303944893 
1598710304945047 
1598710305945211 
1598710306945374 
1598710307945534 
1598710308945688 
1598710309945853 
1598710310946022 
1598710311946181 
1598710312946338 
1598710313946505 
1598710314946682 
1598710315946843 
1598710316947005 
1598710317947175 
1598710318947341 
1598710319947509 
1598710320947667 
1598710321947837 
1598710322948012 
1598710323948170 
1598710324948326 
1598710325948493 
1598710326948669 
1598710327948828 
1598710328948983 
1598710329949140 
1598710330949304 
1598710331949461 
1598710332949617 
1598710333949781 
1598710334949944 
1598710335950105 
1598710336950262 
1598710337950430 
1598710338950598 
1598710339950758 
1598710340950910 
1598710341951077 
1598710342951244 
1598710343951405 
1598710344951565 
1598710345951733 
1598710346951907 
1598710347952069 
1598710348952229 
1598710349952401 
1598710350952565 
1598710351952727 
1598710352952884 
