1598710875064151
1598710876064384
1598710877064500
1598710878064631
1598710879064729
1598710880064841
1598710881064953
1598710882065087
1598710883065232
1598710884065326
1598710885065407
1598710886065532
1598710887065614
1598710888065744
1598710889065886
1598710890066025
1598710891066160
1598710892066267
1598710893066384
1598710894066508
1598710895066609
1598710896066701
1598710897066824
1598710898066961
1598710899067041
1598710900067156
1598710901067285
1598710902067419
1598710903067556
1598710904067689
1598710905067797
1598710906067929
1598710907068002
1598710908068112
1598710909068268
1598710910068403
1598710911068549
1598710912068648
1598710913068767
1598710914068908
1598710915068985
1598710916069089
1598710917069200
1598710918069332
1598710919069427
1598710920069526
1598710921069647
1598710922069786
1598710923069866
1598710924069964
1598710925070080
1598710926070214
1598710927070331
1598710928070467
1598710929070548
1598710930070674
1598710931070772
1598710932070914
1598710933070992
1598710934071116
1598710935071286
1598710936071390
1598710937071525
1598710938071535
1598710939071667
1598710940071770
1598710941071901
1598710942072038
1598710943072195
1598710944072334
1598710945072446
1598710946072587
1598710947072737
1598710948072883
1598710949073016
1598710950073146
1598710951073258
1598710952073384
1598710953073526
1598710954073674
1598710955073765
1598710956073880
1598710957073994
1598710958074127
1598710959074118
1598710960074278
1598710961074418
1598710962074574
1598710963074646
1598710964074777
1598710965074887
1598710966075028
1598710967075166
1598710968075283
1598710969075412
1598710970075552
1598710971075642
1598710972075753
1598710973075837
1598710974075974
1598710975076062
1598710976076176
1598710977076261
1598710978076396
1598710979076484
1598710980076596
1598710981076707
1598710982076860
1598710983076960
1598710984077084
1598710985077187
1598710986077326
1598710987077456
1598710988077580
1598710989077692
1598710990077829
1598710991077914
1598710992078038
1598710993078150
1598710994078285
1598710995078423
1598710996078568
1598710997078687
1598710998078825
1598710999078903
1598711000079041
1598711001079142
1598711002079289
1598711003079393
1598711004079504
1598711005079610
1598711006079760
1598711007079895
1598711008080019
1598711009080131
1598711010080278
1598711011080376
1598711012080503
1598711013080611
1598711014080761
1598711015080875
1598711016081005
1598711017081114
1598711018081257
1598711019081341
1598711020081456
1598711021081540
1598711022081684
1598711023081810
1598711024081926
1598711025082061
1598711026082196
1598711027082283
1598711028082430
1598711029082545
1598711030082682
1598711031082818
1598711032082935
1598711033083042
1598711034083216
1598711035083285
1598711036083447
1598711037083578
1598711038083748
1598711039083874
1598711040084028
1598711041084152
1598711042084289
1598711043084377
1598711044084529
1598711045084637
1598711046084790
1598711047084891
1598711048085010
1598711049085174
1598711050085313
1598711051085401
1598711052085526
1598711053085597
1598711054085752
1598711055085831
1598711056085969
1598711057086099
1598711058086249
1598711059086335
1598711060086478
1598711061086597
1598711062086742
1598711063086826
1598711064086949
1598711065086986
1598711066087076
1598711067087211
1598711068087356
1598711069087486
1598711070087640
1598711071087774
1598711072087892
1598711073088024
1598711074088168
1598711075088313
1598711076088446
1598711077088566
1598711078088701
1598711079088844
1598711080088966
1598711081089072
1598711082089220
1598711083089312
1598711084089445
1598711085089584
1598711086089730
1598711087089873
1598711088090014
1598711089090162
1598711090090317
1598711091090456
1598711092090611
1598711093090725
1598711094090873
1598711095091003
1598711096091161
1598711097091273
1598711098091416
1598711099091538
1598711100091687
1598711101091807
1598711102091972
1598711103092142
1598711104092262
1598711105092376
1598711106092518
1598711107092653
1598711108092774
1598711109092870
1598711110093007
1598711111093130
1598711112093262
1598711113093410
1598711114093563
1598711115093688
1598711116093828
1598711117093972
1598711118094109
1598711119094267
1598711120094403
1598711121094545
1598711122094691
1598711123094816
1598711124094942
1598711125095066
1598711126095205
1598711127095298
1598711128095449
1598711129095580
1598711130095730
1598711131095831
1598711132095953
1598711133096106
1598711134096244
1598711135096373
1598711136096497
1598711137096606
1598711138096727
1598711139096876
1598711140097008
1598711141097133
1598711142097272
1598711143097420
1598711144097543
1598711145097665
1598711146097825
1598711147097948
1598711148098056
1598711149098171
1598711150098324
1598711151098411
1598711152098559
1598711153098683
1598711154098817
1598711155098949
1598711156099069
1598711157099185
1598711158099343
1598711159099487
1598711160099619
1598711161099762
1598711162099902
1598711163100002
1598711164100124
1598711165100252
1598711166100395
1598711167100499
1598711168100646
1598711169100787
1598711170100933
1598711171101085
1598711172101216
1598711173101362
1598711174101498
1598711175101621
1598711176101750
1598711177101860
1598711178101990
1598711179102123
1598711180102235
1598711181102342
1598711182102480
1598711183102607
1598711184102719
1598711185102741
1598711186102854
1598711187102921
1598711188103068
1598711189103209
1598711190103339
1598711191103441
1598711192103567
1598711193103689
1598711194103819
1598711195103923
1598711196104045
1598711197104184
1598711198104322
1598711199104480
1598711200104581
1598711201104729
1598711202104869
1598711203105010
1598711204105130
1598711205105266
1598711206105398
1598711207105539
1598711208105656
1598711209105778
1598711210105898
1598711211106025
1598711212106147
1598711213106250
1598711214106391
1598711215106523
1598711216106640
1598711217106789
1598711218106908
1598711219107055
1598711220107178
1598711221107301
1598711222107447
1598711223107566
1598711224107691
1598711225107821
1598711226107956
1598711227108100
1598711228108229
1598711229108377
1598711230108517
1598711231108627
1598711232108738
1598711233108847
1598711234108995
1598711235109111
1598711236109232
1598711237109369
1598711238109522
1598711239109648
1598711240109781
1598711241109894
1598711242110052
1598711243110149
1598711244110285
1598711245110397
1598711246110543
1598711247110640
1598711248110771
1598711249110895
1598711250111058
1598711251111195
1598711252111336
1598711253111492
1598711254111631
1598711255111755
1598711256111884
1598711257112015
1598711258112169
1598711259112279
1598711260112394
1598711261112521
1598711262112666
1598711263112793
1598711264112903
1598711265113053
1598711266113200
1598711267113298
1598711268113424
1598711269113549
1598711270113697
1598711271113796
1598711272113948
1598711273114047
1598711274114208
1598711275114344
1598711276114483
1598711277114585
1598711278114740
1598711279114843
1598711280114977
1598711281115091
1598711282115237
1598711283115349
1598711284115512
1598711285115598
1598711286115769
1598711287115858
1598711288116008
1598711289116141
1598711290116297
1598711291116426
1598711292116578
1598711293116674
1598711294116826
1598711295116934
1598711296117065
1598711297117191
1598711298117336
1598711299117445
1598711300117587
1598711301117686
1598711302117841
1598711303117937
1598711304118071
1598711305118185
1598711306118331
1598711307118466
1598711308118603
1598711309118720
1598711310118875
1598711311118964
1598711312119122
1598711313119235
1598711314119388
1598711315119525
1598711316119683
1598711317119816
1598711318119967
1598711319120075
1598711320120222
1598711321120331
1598711322120482
1598711323120617
1598711324120770
1598711325120900
1598711326121048
1598711327121209
1598711328121347
1598711329121422
1598711330121586
1598711331121777
1598711332121932
1598711333122059
1598711334122213
1598711335122318
1598711336122449
1598711337122572
1598711338122727
1598711339122821
1598711340122964
1598711341123086
1598711342123242
1598711343123341
1598711344123495
1598711345123614
1598711346123766
1598711347123883
1598711348124023
1598711349124154
1598711350124303
1598711351124436
1598711352124589
1598711353124680
1598711354124831
1598711355124936
1598711356125076
1598711357125214
1598711358125361
1598711359125475
1598711360125619
1598711361125750
1598711362125896
1598711363126033
1598711364126157
1598711365126293
1598711366126431
1598711367126576
1598711368126704
1598711369126827
1598711370126961
1598711371127120
1598711372127246
1598711373127367
1598711374127506
1598711375127620
1598711376127753
1598711377127890
1598711378128033
1598711379128168
1598711380128297
1598711381128454
1598711382128588
1598711383128732
1598711384128861
1598711385128997
1598711386129129
1598711387129252
1598711388129389
1598711389129524
1598711390129669
1598711391129799
1598711392129937
1598711393130087
1598711394130228
1598711395130368
1598711396130497
1598711397130638
1598711398130776
1598711399130890
1598711400131021
1598711401131158
1598711402131300
1598711403131418
1598711404131572
1598711405131690
1598711406131831
1598711407131958
1598711408132089
1598711409132226
1598711410132368
1598711411132489
1598711412132619
1598711413132742
1598711414132876
1598711415133013
1598711416133141
1598711417133264
1598711418133404
1598711419133529
1598711420133655
1598711421133788
1598711422133931
1598711423134068
1598711424134192
1598711425134309
1598711426134449
1598711427134573
1598711428134703
1598711429134846
1598711430134985
1598711431135102
1598711432135231
1598711433135378
1598711434135513
1598711435135640
1598711436135773
1598711437135912
1598711438136053
1598711439136205
1598711440136339
1598711441136479
1598711442136610
1598711443136754
1598711444136873
1598711445137002
1598711446137150
1598711447137280
1598711448137410
1598711449137539
1598711450137676
1598711451137822
1598711452137959
1598711453138086
1598711454138213
1598711455138374
1598711456138495
1598711457138652
1598711458138809
1598711459138915
1598711460139043
1598711461139165
1598711462139325
1598711463139469
1598711464139613
1598711465139764
1598711466139905
1598711467140061
1598711468140198
1598711469140354
1598711470140488
1598711471140635
1598711472140777
1598711473140910
1598711474141046
1598711475141176
1598711476141327
1598711477141467
1598711478141601
1598711479141745
1598711480141876
1598711481142026
1598711482142059
1598711483142234
1598711484142363
1598711485142507
1598711486142568
1598711487142656
1598711488142821
1598711489142951
1598711490143100
1598711491143225
1598711492143350
1598711493143507
1598711494143658
1598711495143771
1598711496143920
1598711497144057
1598711498144220
1598711499144347
1598711500144500
1598711501144633
1598711502144790
1598711503144931
1598711504145085
1598711505145214
1598711506145376
1598711507145512
1598711508145671
1598711509145801
1598711510145950
1598711511146090
1598711512146239
1598711513146365
1598711514146519
1598711515146659
1598711516146813
1598711517146954
1598711518147104
1598711519147248
1598711520147393
1598711521147526
1598711522147682
1598711523147803
1598711524147894
1598711525148019
1598711526148173
1598711527148308
1598711528148448
1598711529148582
1598711530148736
1598711531148865
1598711532148998
1598711533149138
1598711534149288
1598711535149397
1598711536149549
1598711537149680
1598711538149829
1598711539149953
1598711540150089
1598711541150228
1598711542150381
1598711543150488
1598711544150641
1598711545150759
1598711546150918
1598711547151050
1598711548151194
1598711549151336
1598711550151483
1598711551151602
1598711552151751
1598711553151869
1598711554152023
1598711555152149
1598711556152300
1598711557152446
1598711558152619
1598711559152733
1598711560152881
1598711561153019
1598711562153170
1598711563153318
1598711564153462
1598711565153592
1598711566153743
1598711567153869
1598711568154006
1598711569154145
1598711570154296
1598711571154420
1598711572154560
1598711573154686
1598711574154844
1598711575154974
1598711576155135
1598711577155255
1598711578155420
1598711579155534
1598711580155681
1598711581155803
1598711582155952
1598711583156084
1598711584156229
1598711585156360
1598711586156515
1598711587156629
1598711588156789
1598711589156920
1598711590157075
1598711591157206
1598711592157344
1598711593157481
1598711594157633
1598711595157759
1598711596157904
1598711597158027
1598711598158186
1598711599158302
1598711600158445
1598711601158574
1598711602158727
1598711603158844
1598711604159001
1598711605159113
1598711606159270
1598711607159413
1598711608159535
1598711609159667
1598711610159822
1598711611159932
1598711612160073
1598711613160206
1598711614160351
1598711615160482
1598711616160613
1598711617160750
1598711618160906
1598711619161050
1598711620161189
1598711621161300
1598711622161447
1598711623161575
1598711624161700
1598711625161855
1598711626161912
1598711627162081
1598711628162223
1598711629162371
1598711630162515
1598711631162668
1598711632162791
1598711633162945
1598711634163067
1598711635163209
1598711636163351
1598711637163512
1598711638163647
1598711639163790
1598711640163919
1598711641164075
1598711642164205
1598711643164362
1598711644164494
1598711645164632
1598711646164769
1598711647164872
1598711648164999
1598711649165157
1598711650165295
1598711651165455
1598711652165543
1598711653165659
1598711654165808
1598711655165962
1598711656166102
1598711657166234
1598711658166376
1598711659166508
1598711660166644
1598711661166781
1598711662166921
1598711663167053
1598711664167180
1598711665167340
1598711666167476
1598711667167615
1598711668167766
1598711669167921
1598711670168064
1598711671168212
1598711672168341
1598711673168490
1598711674168631
1598711675168764
1598711676168899
1598711677169040
1598711678169175
1598711679169305
1598711680169451
1598711681169592
1598711682169722
1598711683169859
1598711684169994
1598711685170136
1598711686170276
1598711687170419
1598711688170547
1598711689170681
1598711690170821
1598711691170960
1598711692171111
1598711693171240
1598711694171391
1598711695171530
1598711696171635
1598711697171785
1598711698171922
1598711699172081
1598711700172219
1598711701172367
1598711702172515
1598711703172661
1598711704172792
1598711705172940
1598711706173070
1598711707173216
1598711708173336
1598711709173483
1598711710173617
1598711711173762
1598711712173891
1598711713174041
1598711714174176
1598711715174315
1598711716174454
1598711717174600
1598711718174742
1598711719174880
1598711720175017
1598711721175154
1598711722175301
1598711723175431
1598711724175585
1598711725175702
1598711726175848
1598711727175998
1598711728176138
1598711729176284
1598711730176415
1598711731176523
1598711732176666
1598711733176817
1598711734176963
1598711735177109
1598711736177249
1598711737177397
1598711738177545
1598711739177681
1598711740177829
1598711741177980
1598711742178122
1598711743178258
1598711744178385
1598711745178546
1598711746178680
1598711747178847
1598711748178968
1598711749179102
1598711750179251
1598711751179388
1598711752179513
1598711753179647
1598711754179808
1598711755179936
1598711756180080
1598711757180216
1598711758180391
1598711759180501
1598711760180658
1598711761180747
1598711762180914
1598711763181050
1598711764181192
1598711765181328
1598711766181487
1598711767181585
1598711768181699
1598711769181837
1598711770181986
1598711771182128
1598711772182277
1598711773182428
1598711774182585
1598711775182724
1598711776182878
1598711777183000
1598711778183150
1598711779183287
1598711780183445
1598711781183585
1598711782183731
1598711783183874
1598711784183988
1598711785184146
1598711786184339
1598711787184470
1598711788184626
1598711789184755
1598711790184919
1598711791185055
1598711792185192
1598711793185323
1598711794185477
1598711795185609
1598711796185765
1598711797185890
1598711798186054
1598711799186169
1598711800186310
1598711801186444
1598711802186603
1598711803186728
1598711804186870
1598711805187022
1598711806187166
1598711807187290
1598711808187405
1598711809187520
1598711810187673
1598711811187776
1598711812187940
1598711813188066
1598711814188229
1598711815188227
1598711816188421
1598711817188555
1598711818188693
1598711819188840
1598711820188992
1598711821189137
1598711822189291
1598711823189416
1598711824189569
1598711825189698
1598711826189855
1598711827189913
1598711828190099
1598711829190216
1598711830190369
1598711831190507
1598711832190661
1598711833190786
1598711834190939
1598711835191092
1598711836191232
1598711837191375
1598711838191512
1598711839191663
1598711840191819
1598711841191936
1598711842192099
1598711843192234
1598711844192398
1598711845192532
1598711846192686
1598711847192832
1598711848192986
1598711849193119
1598711850193273
1598711851193399
1598711852193539
1598711853193670
1598711854193823
1598711855193982
1598711856194129
1598711857194258
1598711858194408
1598711859194534
1598711860194685
1598711861194809
1598711862194957
1598711863195090
1598711864195253
1598711865195392
1598711866195549
1598711867195677
1598711868195823
1598711869195963
1598711870196112
1598711871196227
1598711872196385
1598711873196511
1598711874196687
