1598710875063941 
1598710876064210 
1598710877064320 
1598710878064457 
1598710879064534 
1598710880064665 
1598710881064775 
1598710882064909 
1598710883065047 
1598710884065155 
1598710885065221 
1598710886065361 
1598710887065429 
1598710888065563 
1598710889065708 
1598710890065847 
1598710891065979 
1598710892066090 
1598710893066203 
1598710894066337 
1598710895066417 
1598710896066528 
1598710897066644 
1598710898066789 
1598710899066860 
1598710900066979 
1598710901067106 
1598710902067241 
1598710903067384 
1598710904067507 
1598710905067622 
1598710906067760 
1598710907067830 
1598710908067944 
1598710909068092 
1598710910068232 
1598710911068361 
1598710912068476 
1598710913068591 
1598710914068729 
1598710915068800 
1598710916068912 
1598710917069022 
1598710918069161 
1598710919069245 
1598710920069355 
1598710921069468 
1598710922069608 
1598710923069679 
1598710924069790 
1598710925069901 
1598710926070041 
1598710927070142 
1598710928070291 
1598710929070363 
1598710930070502 
1598710931070593 
1598710932070742 
1598710933070812 
1598710934070946 
1598710935071095 
1598710936071210 
1598710937071345 
1598710938071429 
1598710939071477 
1598710940071590 
1598710941071722 
1598710942071860 
1598710943072011 
1598710944072154 
1598710945072267 
1598710946072415 
1598710947072562 
1598710948072716 
1598710949072835 
1598710950072978 
1598710951073078 
1598710952073216 
1598710953073351 
1598710954073498 
1598710955073577 
1598710956073703 
1598710957073815 
1598710958073952 
1598710959074016 
1598710960074098 
1598710961074239 
1598710962074386 
1598710963074464 
1598710964074595 
1598710965074709 
1598710966074847 
1598710967074987 
1598710968075104 
1598710969075234 
1598710970075375 
1598710971075457 
1598710972075576 
1598710973075652 
1598710974075799 
1598710975075880 
1598710976076004 
1598710977076082 
1598710978076218 
1598710979076301 
1598710980076420 
1598710981076536 
1598710982076675 
1598710983076784 
1598710984076898 
1598710985077014 
1598710986077149 
1598710987077286 
1598710988077401 
1598710989077515 
1598710990077653 
1598710991077745 
1598710992077863 
1598710993077982 
1598710994078117 
1598710995078254 
1598710996078383 
1598710997078518 
1598710998078654 
1598710999078738 
1598711000078854 
1598711001078970 
1598711002079111 
1598711003079195 
1598711004079323 
1598711005079440 
1598711006079584 
1598711007079717 
1598711008079838 
1598711009079961 
1598711010080100 
1598711011080195 
1598711012080316 
1598711013080433 
1598711014080572 
1598711015080699 
1598711016080819 
1598711017080940 
1598711018081078 
1598711019081161 
1598711020081278 
1598711021081363 
1598711022081503 
1598711023081621 
1598711024081746 
1598711025081883 
1598711026082018 
1598711027082105 
1598711028082250 
1598711029082367 
1598711030082503 
1598711031082639 
1598711032082756 
1598711033082878 
1598711034083029 
1598711035083117 
1598711036083273 
1598711037083409 
1598711038083560 
1598711039083710 
1598711040083840 
1598711041083977 
1598711042084116 
1598711043084206 
1598711044084344 
1598711045084464 
1598711046084605 
1598711047084713 
1598711048084831 
1598711049084983 
1598711050085128 
1598711051085217 
1598711052085338 
1598711053085423 
1598711054085560 
1598711055085654 
1598711056085783 
1598711057085928 
1598711058086064 
1598711059086152 
1598711060086299 
1598711061086418 
1598711062086558 
1598711063086650 
1598711064086768 
1598711065086892 
1598711066086979 
1598711067087040 
1598711068087165 
1598711069087290 
1598711070087472 
1598711071087592 
1598711072087717 
1598711073087850 
1598711074087993 
1598711075088133 
1598711076088269 
1598711077088388 
1598711078088524 
1598711079088664 
1598711080088782 
1598711081088903 
1598711082089041 
1598711083089134 
1598711084089261 
1598711085089407 
1598711086089551 
1598711087089695 
1598711088089835 
1598711089089984 
1598711090090131 
1598711091090279 
1598711092090425 
1598711093090552 
1598711094090690 
1598711095090832 
1598711096090974 
1598711097091095 
1598711098091236 
1598711099091364 
1598711100091508 
1598711101091638 
1598711102091790 
1598711103091964 
1598711104092083 
1598711105092204 
1598711106092340 
1598711107092476 
1598711108092595 
1598711109092695 
1598711110092841 
1598711111092945 
1598711112093093 
1598711113093232 
1598711114093384 
1598711115093511 
1598711116093651 
1598711117093794 
1598711118093941 
1598711119094087 
1598711120094222 
1598711121094367 
1598711122094512 
1598711123094643 
1598711124094768 
1598711125094888 
1598711126095026 
1598711127095119 
1598711128095263 
1598711129095406 
1598711130095552 
1598711131095652 
1598711132095774 
1598711133095918 
1598711134096058 
1598711135096191 
1598711136096317 
1598711137096413 
1598711138096554 
1598711139096693 
1598711140096823 
1598711141096962 
1598711142097099 
1598711143097241 
1598711144097366 
1598711145097487 
1598711146097637 
1598711147097759 
1598711148097878 
1598711149098001 
1598711150098138 
1598711151098237 
1598711152098381 
1598711153098507 
1598711154098649 
1598711155098772 
1598711156098901 
1598711157099020 
1598711158099172 
1598711159099281 
1598711160099450 
1598711161099577 
1598711162099717 
1598711163099818 
1598711164099956 
1598711165100079 
1598711166100218 
1598711167100320 
1598711168100469 
1598711169100609 
1598711170100758 
1598711171100900 
1598711172101045 
1598711173101182 
1598711174101318 
1598711175101432 
1598711176101569 
1598711177101675 
1598711178101812 
1598711179101938 
1598711180102064 
1598711181102163 
1598711182102303 
1598711183102414 
1598711184102542 
1598711185102645 
1598711186102729 
1598711187102795 
1598711188102890 
1598711189103023 
1598711190103160 
1598711191103260 
1598711192103386 
1598711193103510 
1598711194103647 
1598711195103749 
1598711196103879 
1598711197104010 
1598711198104146 
1598711199104295 
1598711200104420 
1598711201104552 
1598711202104692 
1598711203104824 
1598711204104952 
1598711205105081 
1598711206105221 
1598711207105353 
1598711208105478 
1598711209105600 
1598711210105735 
1598711211105840 
1598711212105969 
1598711213106068 
1598711214106213 
1598711215106329 
1598711216106458 
1598711217106590 
1598711218106728 
1598711219106871 
1598711220107000 
1598711221107125 
1598711222107267 
1598711223107386 
1598711224107513 
1598711225107637 
1598711226107779 
1598711227107910 
1598711228108049 
1598711229108195 
1598711230108343 
1598711231108450 
1598711232108559 
1598711233108670 
1598711234108817 
1598711235108925 
1598711236109058 
1598711237109197 
1598711238109338 
1598711239109470 
1598711240109597 
1598711241109721 
1598711242109864 
1598711243109972 
1598711244110100 
1598711245110226 
1598711246110364 
1598711247110467 
1598711248110593 
1598711249110717 
1598711250110872 
1598711251111019 
1598711252111155 
1598711253111285 
1598711254111453 
1598711255111582 
1598711256111706 
1598711257111844 
1598711258111982 
1598711259112093 
1598711260112220 
1598711261112345 
1598711262112488 
1598711263112597 
1598711264112728 
1598711265112873 
1598711266113014 
1598711267113120 
1598711268113246 
1598711269113377 
1598711270113523 
1598711271113627 
1598711272113768 
1598711273113877 
1598711274114028 
1598711275114175 
1598711276114308 
1598711277114414 
1598711278114556 
1598711279114666 
1598711280114794 
1598711281114919 
1598711282115059 
1598711283115170 
1598711284115328 
1598711285115434 
1598711286115582 
1598711287115692 
1598711288115831 
1598711289115971 
1598711290116112 
1598711291116253 
1598711292116392 
1598711293116500 
1598711294116644 
1598711295116756 
1598711296116882 
1598711297117009 
1598711298117149 
1598711299117277 
1598711300117405 
1598711301117512 
1598711302117652 
1598711303117759 
1598711304117886 
1598711305118013 
1598711306118152 
1598711307118292 
1598711308118418 
1598711309118546 
1598711310118685 
1598711311118792 
1598711312118936 
1598711313119067 
1598711314119209 
1598711315119357 
1598711316119499 
1598711317119648 
1598711318119791 
1598711319119906 
1598711320120037 
1598711321120163 
1598711322120302 
1598711323120445 
1598711324120584 
1598711325120730 
1598711326120869 
1598711327121009 
1598711328121141 
1598711329121252 
1598711330121409 
1598711331121598 
1598711332121744 
1598711333121885 
1598711334122029 
1598711335122140 
1598711336122272 
1598711337122401 
1598711338122540 
1598711339122649 
1598711340122782 
1598711341122914 
1598711342123053 
1598711343123163 
1598711344123294 
1598711345123446 
1598711346123591 
1598711347123712 
1598711348123847 
1598711349123988 
1598711350124133 
1598711351124268 
1598711352124399 
1598711353124512 
1598711354124653 
1598711355124765 
1598711356124898 
1598711357125043 
1598711358125182 
1598711359125295 
1598711360125440 
1598711361125579 
1598711362125722 
1598711363125854 
1598711364125985 
1598711365126114 
1598711366126258 
1598711367126387 
1598711368126532 
1598711369126644 
1598711370126788 
1598711371126935 
1598711372127074 
1598711373127186 
1598711374127325 
1598711375127439 
1598711376127580 
1598711377127708 
1598711378127850 
1598711379127989 
1598711380128121 
1598711381128275 
1598711382128416 
1598711383128548 
1598711384128682 
1598711385128811 
1598711386128951 
1598711387129078 
1598711388129215 
1598711389129355 
1598711390129500 
1598711391129627 
1598711392129767 
1598711393129903 
1598711394130051 
1598711395130197 
1598711396130331 
1598711397130459 
1598711398130599 
1598711399130711 
1598711400130843 
1598711401130980 
1598711402131122 
1598711403131250 
1598711404131398 
1598711405131513 
1598711406131658 
1598711407131778 
1598711408131911 
1598711409132046 
1598711410132191 
1598711411132309 
1598711412132442 
1598711413132557 
1598711414132699 
1598711415132834 
1598711416132963 
1598711417133093 
1598711418133232 
1598711419133349 
1598711420133481 
1598711421133610 
1598711422133755 
1598711423133883 
1598711424134014 
1598711425134132 
1598711426134274 
1598711427134394 
1598711428134531 
1598711429134661 
1598711430134806 
1598711431134926 
1598711432135061 
1598711433135200 
1598711434135345 
1598711435135469 
1598711436135604 
1598711437135737 
1598711438135884 
1598711439136036 
1598711440136168 
1598711441136298 
1598711442136439 
1598711443136569 
1598711444136701 
1598711445136829 
1598711446136979 
1598711447137097 
1598711448137231 
1598711449137361 
1598711450137504 
1598711451137637 
1598711452137782 
1598711453137900 
1598711454138041 
1598711455138188 
1598711456138323 
1598711457138471 
1598711458138616 
1598711459138736 
1598711460138869 
1598711461138987 
1598711462139134 
1598711463139277 
1598711464139440 
1598711465139586 
1598711466139727 
1598711467139876 
1598711468140025 
1598711469140170 
1598711470140309 
1598711471140450 
1598711472140599 
1598711473140731 
1598711474140878 
1598711475141000 
1598711476141149 
1598711477141290 
1598711478141436 
1598711479141573 
1598711480141708 
1598711481141840 
1598711482141962 
1598711483142050 
1598711484142190 
1598711485142322 
1598711486142441 
1598711487142531 
1598711488142642 
1598711489142776 
1598711490142924 
1598711491143045 
1598711492143179 
1598711493143332 
1598711494143471 
1598711495143591 
1598711496143740 
1598711497143883 
1598711498144029 
1598711499144174 
1598711500144321 
1598711501144463 
1598711502144608 
1598711503144755 
1598711504144904 
1598711505145048 
1598711506145192 
1598711507145340 
1598711508145485 
1598711509145631 
1598711510145770 
1598711511145914 
1598711512146060 
1598711513146192 
1598711514146339 
1598711515146482 
1598711516146635 
1598711517146787 
1598711518146931 
1598711519147082 
1598711520147217 
1598711521147354 
1598711522147507 
1598711523147619 
1598711524147724 
1598711525147851 
1598711526148000 
1598711527148132 
1598711528148268 
1598711529148409 
1598711530148556 
1598711531148687 
1598711532148828 
1598711533148962 
1598711534149108 
1598711535149226 
1598711536149359 
1598711537149502 
1598711538149649 
1598711539149772 
1598711540149909 
1598711541150050 
1598711542150196 
1598711543150315 
1598711544150453 
1598711545150587 
1598711546150732 
1598711547150877 
1598711548151014 
1598711549151147 
1598711550151288 
1598711551151426 
1598711552151567 
1598711553151692 
1598711554151836 
1598711555151974 
1598711556152113 
1598711557152252 
1598711558152439 
1598711559152558 
1598711560152709 
1598711561152851 
1598711562152997 
1598711563153154 
1598711564153289 
1598711565153426 
1598711566153571 
1598711567153696 
1598711568153834 
1598711569153970 
1598711570154115 
1598711571154248 
1598711572154381 
1598711573154515 
1598711574154659 
1598711575154810 
1598711576154954 
1598711577155088 
1598711578155232 
1598711579155362 
1598711580155499 
1598711581155629 
1598711582155771 
1598711583155920 
1598711584156057 
1598711585156195 
1598711586156339 
1598711587156464 
1598711588156609 
1598711589156747 
1598711590156887 
1598711591157031 
1598711592157165 
1598711593157311 
1598711594157458 
1598711595157584 
1598711596157720 
1598711597157855 
1598711598158001 
1598711599158125 
1598711600158262 
1598711601158397 
1598711602158540 
1598711603158668 
1598711604158818 
1598711605158942 
1598711606159088 
1598711607159220 
1598711608159364 
1598711609159496 
1598711610159641 
1598711611159765 
1598711612159899 
1598711613160031 
1598711614160171 
1598711615160301 
1598711616160435 
1598711617160577 
1598711618160724 
1598711619160873 
1598711620161006 
1598711621161129 
1598711622161275 
1598711623161397 
1598711624161537 
1598711625161686 
1598711626161815 
1598711627161914 
1598711628162058 
1598711629162196 
1598711630162348 
1598711631162481 
1598711632162619 
1598711633162753 
1598711634162895 
1598711635163027 
1598711636163171 
1598711637163328 
1598711638163474 
1598711639163610 
1598711640163747 
1598711641163888 
1598711642164032 
1598711643164176 
1598711644164319 
1598711645164448 
1598711646164591 
1598711647164688 
1598711648164827 
1598711649164977 
1598711650165122 
1598711651165269 
1598711652165375 
1598711653165485 
1598711654165631 
1598711655165778 
1598711656165923 
1598711657166057 
1598711658166200 
1598711659166329 
1598711660166467 
1598711661166602 
1598711662166749 
1598711663166873 
1598711664167009 
1598711665167142 
1598711666167283 
1598711667167448 
1598711668167600 
1598711669167748 
1598711670167899 
1598711671168038 
1598711672168176 
1598711673168314 
1598711674168458 
1598711675168586 
1598711676168721 
1598711677168864 
1598711678169004 
1598711679169132 
1598711680169273 
1598711681169413 
1598711682169554 
1598711683169682 
1598711684169823 
1598711685169957 
1598711686170103 
1598711687170234 
1598711688170373 
1598711689170502 
1598711690170647 
1598711691170779 
1598711692170936 
1598711693171062 
1598711694171210 
1598711695171348 
1598711696171456 
1598711697171601 
1598711698171749 
1598711699171897 
1598711700172046 
1598711701172190 
1598711702172340 
1598711703172481 
1598711704172619 
1598711705172754 
1598711706172898 
1598711707173026 
1598711708173164 
1598711709173298 
1598711710173439 
1598711711173588 
1598711712173727 
1598711713173866 
1598711714174012 
1598711715174142 
1598711716174288 
1598711717174422 
1598711718174568 
1598711719174700 
1598711720174837 
1598711721174977 
1598711722175124 
1598711723175253 
1598711724175399 
1598711725175524 
1598711726175674 
1598711727175818 
1598711728175960 
1598711729176094 
1598711730176240 
1598711731176347 
1598711732176495 
1598711733176639 
1598711734176784 
1598711735176931 
1598711736177078 
1598711737177220 
1598711738177367 
1598711739177506 
1598711740177656 
1598711741177802 
1598711742177944 
1598711743178071 
1598711744178212 
1598711745178362 
1598711746178509 
1598711747178654 
1598711748178795 
1598711749178930 
1598711750179071 
1598711751179203 
1598711752179342 
1598711753179480 
1598711754179626 
1598711755179770 
1598711756179909 
1598711757180048 
1598711758180202 
1598711759180334 
1598711760180474 
1598711761180584 
1598711762180731 
1598711763180872 
1598711764181011 
1598711765181157 
1598711766181301 
1598711767181409 
1598711768181518 
1598711769181661 
1598711770181807 
1598711771181950 
1598711772182099 
1598711773182251 
1598711774182405 
1598711775182553 
1598711776182692 
1598711777182820 
1598711778182969 
1598711779183114 
1598711780183263 
1598711781183406 
1598711782183550 
1598711783183695 
1598711784183856 
1598711785183976 
1598711786184160 
1598711787184291 
1598711788184440 
1598711789184577 
1598711790184724 
1598711791184869 
1598711792185008 
1598711793185145 
1598711794185293 
1598711795185435 
1598711796185576 
1598711797185721 
1598711798185865 
1598711799185995 
1598711800186136 
1598711801186277 
1598711802186426 
1598711803186557 
1598711804186698 
1598711805186846 
1598711806186988 
1598711807187120 
1598711808187231 
1598711809187343 
1598711810187494 
1598711811187603 
1598711812187750 
1598711813187894 
1598711814188038 
1598711815188129 
1598711816188244 
1598711817188373 
1598711818188520 
1598711819188663 
1598711820188808 
1598711821188958 
1598711822189104 
1598711823189242 
1598711824189380 
1598711825189520 
1598711826189673 
1598711827189785 
1598711828189906 
1598711829190040 
1598711830190185 
1598711831190333 
1598711832190476 
1598711833190614 
1598711834190759 
1598711835190905 
1598711836191048 
1598711837191184 
1598711838191334 
1598711839191485 
1598711840191635 
1598711841191766 
1598711842191912 
1598711843192055 
1598711844192216 
1598711845192359 
1598711846192505 
1598711847192657 
1598711848192799 
1598711849192940 
1598711850193087 
1598711851193221 
1598711852193361 
1598711853193491 
1598711854193645 
1598711855193791 
1598711856193938 
1598711857194081 
1598711858194222 
1598711859194363 
1598711860194500 
1598711861194630 
1598711862194771 
1598711863194919 
1598711864195069 
1598711865195213 
1598711866195371 
1598711867195505 
1598711868195644 
1598711869195784 
1598711870195927 
1598711871196056 
1598711872196198 
1598711873196340 
1598711874196494 
